0
0
0.0
0.0
0.0
0.0
-4.0
-14.0
-30.0
28.0
-41.0
34.0
-39.0
59.0
-32.0
-32.0
-106.0
29.0
-49.0
115.0
-118.0
75.0
-122.0
119.0
-101.0
179.0
-89.0
7.0
-175.0
212.0
-181.0
41.0
-86.0
208.0
-186.0
115.0
-189.0
92.0
-244.0
222.0
-243.0
240.0
-240.0
267.0
-236.0
139.0
-233.0
338.0
-246.0
311.0
-239.0
247.0
-181.0
-15.0
-209.0
440.0
-122.0
-110.0
-296.0
412.0
-122.0
31.0
-122.0
342.0
-110.0
56.0
-48.0
201.0
-113.0
88.0
-46.0
114.0
-63.0
-35.0
-66.0
150.0
-101.0
19.0
-62.0
113.0
-104.0
118.0
-33.0
53.0
-32.0
17.0
-63.0
39.0
-56.0
58.0
-42.0
98.0
-13.0
-28.0
-38.0
55.0
-37.0
22.0
-28.0
58.0
-16.0
25.0
0.0
0.0
-12.0
-14.0
26.0
0.0
0.0
0.0
0.0
-12.0
-14.0
13.0
-14.0
27.0
0
0
0.0
0.0
0.0
-2.0
-14.0
16.0
0.0
-10.0
-14.0
24.0
0
0
0
0
0
0
0
0
0
0
0
0
0
0
0
