0
0
0
0
0
0.0
0.0
0.0
0.0
-5.0
-15.0
5.0
-14.0
25.0
-36.0
18.0
-24.0
46.0
-24.0
-22.0
-38.0
84.0
-8.0
-8.0
-33.0
19.0
-59.0
28.0
-70.0
126.0
-46.0
5.0
-70.0
75.0
25.0
-34.0
-75.0
46.0
-62.0
45.0
-61.0
56.0
-97.0
37.0
-138.0
233.0
-10.0
32.0
-71.0
58.0
-95.0
88.0
-70.0
47.0
-28.0
81.0
-42.0
30.0
-85.0
15.0
-83.0
147.0
-80.0
-11.0
-53.0
133.0
-51.0
48.0
-40.0
9.0
-31.0
37.0
-102.0
67.0
-61.0
123.0
-30.0
79.0
-76.0
17.0
-106.0
49.0
-166.0
145.0
-111.0
126.0
-64.0
96.0
-57.0
49.0
-31.0
9.0
-107.0
64.0
-78.0
130.0
-127.0
142.0
-68.0
50.0
-145.0
196.0
-58.0
25.0
-142.0
156.0
-70.0
5.0
-182.0
221.0
-57.0
95.0
-26.0
14.0
-118.0
85.0
-154.0
146.0
-133.0
220.0
-82.0
61.0
-108.0
67.0
-155.0
108.0
-66.0
79.0
-154.0
189.0
-118.0
110.0
-37.0
74.0
-124.0
117.0
-52.0
39.0
-68.0
56.0
-41.0
116.0
-74.0
47.0
-115.0
110.0
-80.0
152.0
-15.0
15.0
-14.0
-13.0
-78.0
22.0
-88.0
124.0
-72.0
33.0
-106.0
41.0
-39.0
165.0
-39.0
41.0
-34.0
-38.0
-13.0
106.0
-22.0
3.0
-69.0
75.0
-28.0
10.0
-70.0
59.0
-38.0
43.0
-60.0
91.0
-17.0
16.0
-35.0
18.0
-55.0
54.0
-20.0
22.0
-77.0
25.0
-39.0
59.0
-11.0
13.0
-44.0
52.0
-28.0
1.0
-10.0
11.0
-56.0
91.0
-42.0
67.0
-14.0
-14.0
17.0
-28.0
9.0
30.0
-33.0
46.0
0.0
0.0
-12.0
9.0
-17.0
8.0
-43.0
25.0
-62.0
92.0
0.0
0.0
0.0
-32.0
-1.0
-16.0
22.0
12.0
-42.0
53.0
-14.0
18.0
-8.0
8.0
0.0
-12.0
-26.0
37.0
-29.0
-69.0
-40.0
98.0
41.0
0.0
-12.0
-16.0
-28.0
56.0
-8.0
8.0
0
0
0
0.0
0.0
0.0
0.0
0.0
-13.0
13.0
0.0
-6.0
-14.0
20.0
0
0
0
0
0.0
0.0
0.0
0.0
0.0
-14.0
-28.0
42.0
0.0
0.0
-16.0
-28.0
-28.0
72.0
0.0
0.0
-1.0
-14.0
-14.0
29.0
-8.0
8.0
-7.0
-14.0
-14.0
35.0
0.0
0.0
0.0
-7.0
-14.0
21.0
0
0.0
0.0
0.0
0.0
0.0
0.0
0.0
0.0
0.0
-5.0
-14.0
-14.0
33.0
0.0
0.0
0.0
0.0
-10.0
10.0
0
0
0
0
0
0
0
0
0
0
0
0
0
0
0
0
0
0
0
0
0
0
0
0
0
0
0
0
0
0
0
0
0
0
0
0
0
0
0
0
0
0
0
0
0
0
0
0
0
0
0
0
0
0
0
0
0
0
0.0
0.0
0.0
0.0
0.0
-10.0
