0
0
0
0
0
0.0
0.0
0.0
0.0
0.0
-18.0
-4.0
-28.0
46.0
-57.0
16.0
-42.0
87.0
-20.0
-58.0
-62.0
12.0
-73.0
133.0
-19.0
66.0
-56.0
-6.0
-64.0
93.0
-56.0
-31.0
-162.0
216.0
-180.0
116.0
-165.0
45.0
-262.0
323.0
-154.0
124.0
-295.0
226.0
-268.0
291.0
-319.0
210.0
-285.0
310.0
-368.0
296.0
-310.0
144.0
-404.0
317.0
-257.0
301.0
-354.0
191.0
-411.0
555.0
-325.0
56.0
-581.0
515.0
-567.0
8.0
-695.0
654.0
-737.0
-16.0
-776.0
820.0
-939.0
108.0
-934.0
928.0
-849.0
233.0
-1056.0
1086.0
-926.0
172.0
-1358.0
1100.0
-899.0
34.0
-1280.0
1352.0
-925.0
-4.0
-1454.0
1310.0
-1046.0
-265.0
-1468.0
1624.0
-1033.0
-107.0
-1474.0
1734.0
-1007.0
-55.0
-1708.0
1518.0
-1179.0
-75.0
-1874.0
1521.0
-1267.0
115.0
-1993.0
1436.0
-1402.0
199.0
-2013.0
1595.0
-1660.0
439.0
-2073.0
1644.0
-1764.0
736.0
-2215.0
1618.0
-1828.0
817.0
-2220.0
1792.0
-1887.0
1022.0
-2202.0
1856.0
-2019.0
1069.0
-2246.0
1938.0
-2157.0
1161.0
-2180.0
2039.0
-2111.0
1259.0
-2167.0
2269.0
-2154.0
1388.0
-2211.0
2637.0
-1870.0
1613.0
-2135.0
2855.0
-1833.0
1630.0
-2143.0
2963.0
-1685.0
1945.0
-1995.0
3063.0
-1607.0
2166.0
-1949.0
2911.0
-1516.0
2031.0
-1910.0
3011.0
-1401.0
1826.0
-1831.0
3082.0
-1371.0
1862.0
-1663.0
3234.0
-1181.0
1884.0
-1519.0
3204.0
-1042.0
1696.0
-1239.0
3536.0
-788.0
1108.0
-1088.0
3452.0
-569.0
252.0
-835.0
3200.0
-377.0
-501.0
-725.0
2815.0
-443.0
-247.0
-535.0
2312.0
-331.0
-234.0
-411.0
1848.0
-215.0
-207.0
-315.0
1479.0
-238.0
-51.0
-210.0
1238.0
-142.0
-82.0
-135.0
564.0
-78.0
-46.0
-163.0
250.0
64.0
-29.0
-45.0
32.0
-98.0
84.0
11.0
-8.0
-7.0
20.0
-22.0
70.0
-14.0
13.0
-23.0
4.0
-14.0
37.0
-11.0
-37.0
-31.0
79.0
-25.0
-7.0
-28.0
54.0
-7.0
-28.0
-30.0
46.0
-32.0
39.0
-14.0
32.0
-6.0
-14.0
-14.0
34.0
-15.0
-28.0
7.0
17.0
-35.0
54.0
0.0
-11.0
-14.0
25.0
-14.0
14.0
0.0
-9.0
-7.0
-25.0
-42.0
75.0
-14.0
22.0
-8.0
-42.0
-42.0
92.0
0.0
0.0
0.0
-11.0
11.0
0.0
-8.0
-36.0
-21.0
44.0
-14.0
35.0
0.0
0.0
-5.0
-1.0
-14.0
20.0
0.0
0.0
0.0
0.0
-1.0
1.0
-32.0
32.0
-12.0
12.0
-1.0
-14.0
-14.0
27.0
-17.0
2.0
-14.0
27.0
-14.0
18.0
0
0
0
0
0
0
0
0
0
0
0.0
0.0
0.0
0.0
0.0
-11.0
-14.0
25.0
0.0
0.0
0
0.0
0.0
0.0
0.0
-10.0
-14.0
24.0
0
0
0
0
0
0
0
0
0
0
0
0
0
0
0
0
0
0
0
0
0
0
0
0
0
0
0
0
0
0
0.0
0.0
0.0
0.0
0.0
-6.0
