0
0
0
0
0
0
0
0
0
0
0
0
0
0
0
0
0
0
0
0
0
0
0
0
0
0
0
0
0
0
0
0
0
0
0
0
0
0
0
0
0
0
0
0
0
0
0
0
0
0
0
0
0
0
0
0
0
0
0
0
0
0
0
0
0
0
0
0
0
0
0
0
0
0
0
0
0
0
0
0
0
0
0
0
0
0
0
0
0
0
0
0
0
0
0
0
0
0
0
0
0
0
0
0
0
0
0
0
0
0
0
0
0
0
0
0
0
0
0
0
0
0
0
0
0
0
0
1
1
1
1
1
1
1
1
2
2
2
2
2
0
1
1
1
1
2
2
2
2
2
2
2
2
2
2
2
2
2
2
2
2
2
2
2
2
2
2
2
0
0
0
0
0
0
0
0
0
0
1
1
1
1
1
1
1
2
3
4
5
5
5
6
6
6
6
6
2
1
1
1
3
3
3
3
3
3
3
3
3
3
3
3
3
3
3
3
3
3
3
3
3
3
3
3
1
0
0
0
0
0
0
0
0
0
0
0
0
0
0
0
0
1
1
1
1
1
1
1
2
3
3
5
5
4
4
4
4
4
4
4
5
5
5
5
5
5
4
4
4
4
4
6
6
6
6
6
6
7
8
8
5
5
5
5
6
6
6
6
7
7
7
7
7
7
6
6
7
7
7
9
9
9
9
9
9
9
9
11
6
4
3
3
3
3
3
3
3
3
4
4
4
4
3
3
3
3
3
3
3
3
4
4
4
5
6
6
2
2
1
1
1
1
1
1
1
2
2
2
2
2
2
3
3
3
3
3
3
4
5
5
5
5
6
6
4
5
5
5
5
5
5
5
5
5
5
5
5
5
4
4
4
4
5
6
6
6
6
6
6
6
7
7
3
1
1
1
1
1
1
1
2
3
3
3
4
4
3
3
3
5
5
7
7
7
8
9
10
10
10
10
8
7
6
6
6
7
7
7
7
7
8
8
8
8
9
9
9
10
11
11
12
12
12
12
13
14
14
14
8
5
5
5
5
5
5
5
5
5
6
6
6
7
8
8
11
11
11
12
13
13
14
14
14
15
17
19
13
8
6
5
6
6
6
7
7
7
7
8
10
10
11
10
11
11
11
12
13
14
15
17
17
17
19
20
15
11
10
11
12
12
12
13
14
14
14
14
14
15
14
17
17
18
19
19
19
20
20
21
22
22
22
22
16
13
9
7
6
6
6
6
6
6
6
6
8
9
9
9
9
11
12
13
15
16
17
18
18
19
20
20
15
10
7
7
8
8
8
10
10
10
10
11
13
14
16
16
16
17
18
19
21
22
23
24
25
25
26
27
22
17
14
13
13
13
13
13
13
14
14
14
14
15
15
16
18
19
19
19
20
20
21
23
23
23
24
24
20
15
11
10
10
10
10
11
12
13
14
16
18
20
22
23
23
23
24
25
25
25
26
26
26
27
27
30
24
18
15
14
13
13
14
16
16
16
16
16
18
20
22
22
22
22
24
24
24
24
25
26
27
28
29
29
23
18
14
11
10
11
11
11
13
14
14
17
20
23
23
23
23
23
23
24
26
27
28
31
32
33
34
34
28
22
17
14
13
13
13
13
15
16
16
16
19
22
22
23
22
22
22
23
27
27
29
30
31
32
33
34
28
25
23
23
22
21
21
21
22
22
23
24
25
28
27
28
31
31
32
32
33
35
37
37
39
42
44
45
40
35
29
26
25
24
23
24
24
24
24
24
25
28
27
26
25
26
27
27
27
27
29
30
31
31
34
35
31
29
23
19
17
16
17
18
18
18
19
19
23
25
26
26
26
27
27
27
29
30
31
32
34
34
35
35
32
27
24
23
23
23
25
25
26
26
27
28
30
33
32
33
33
34
34
35
35
35
36
36
36
36
37
37
31
27
22
17
15
15
15
15
15
17
18
19
23
25
26
27
28
30
32
34
35
36
39
39
39
39
42
44
40
36
33
31
30
28
27
27
27
28
28
29
32
34
37
37
39
41
42
42
44
46
48
48
51
51
51
52
47
43
38
33
29
27
23
21
19
18
18
18
20
23
24
28
33
37
40
44
50
50
52
52
53
53
53
54
49
45
42
39
38
37
37
38
39
39
40
40
42
44
43
45
48
49
50
51
52
52
52
52
52
53
55
57
55
50
46
41
36
32
29
27
25
23
21
21
24
27
30
37
44
46
51
56
59
61
63
65
65
66
68
69
66
62
57
53
51
48
47
47
47
48
49
50
53
55
57
59
59
59
60
60
61
64
64
68
70
72
75
76
72
67
62
58
54
52
49
45
41
37
33
31
34
35
40
43
50
54
58
61
66
69
73
79
84
85
88
89
83
77
72
66
63
58
55
55
55
55
56
56
57
61
65
69
71
72
76
76
78
80
80
82
83
83
85
86
81
76
71
65
59
53
51
48
42
40
38
37
37
41
42
44
48
52
55
58
65
67
71
74
79
83
84
87
82
78
73
67
63
62
59
59
59
59
59
60
62
67
67
70
75
78
80
83
85
85
86
87
88
88
91
91
86
83
78
73
67
63
59
55
50
47
43
39
40
39
42
42
48
51
56
60
62
69
74
75
81
86
89
91
91
86
82
78
76
74
72
72
73
73
73
76
78
83
86
89
94
96
99
99
102
102
103
105
106
108
108
109
104
98
92
86
81
77
72
69
65
62
57
52
53
47
48
49
50
54
58
63
66
73
77
82
84
88
93
99
96
95
89
85
79
77
78
80
80
80
80
80
82
87
89
92
95
96
97
97
98
98
98
99
101
101
103
103
98
93
87
84
79
73
68
64
62
56
53
51
49
46
46
47
50
54
56
59
62
66
72
76
80
87
91
95
90
91
87
89
86
81
82
84
84
84
84
84
88
91
92
95
97
103
105
106
108
110
112
113
113
113
113
114
111
106
104
98
92
86
83
80
75
72
71
67
68
67
65
62
64
66
70
74
79
81
86
92
97
100
102
107
107
106
103
99
95
91
90
88
87
86
86
88
92
96
96
102
106
107
110
112
116
118
118
119
120
120
120
122
118
113
108
104
98
94
93
89
86
80
76
73
71
71
70
70
72
71
71
73
75
82
90
92
97
101
105
109
109
108
108
107
104
100
102
103
104
103
102
101
107
110
111
113
113
116
119
120
125
127
127
130
132
134
138
139
134
129
124
118
113
109
103
99
97
91
87
82
80
81
79
77
75
73
74
76
79
81
89
94
96
102
108
112
109
108
108
106
103
103
101
100
102
102
104
106
108
111
113
115
120
122
128
131
137
141
144
150
151
153
155
157
152
146
144
141
135
132
127
123
120
115
109
107
106
105
103
101
97
98
97
97
99
98
101
104
106
112
118
122
119
119
118
118
118
117
114
114
113
111
110
112
116
120
123
124
131
136
140
144
145
150
153
156
157
160
162
165
161
156
152
147
143
138
134
129
124
122
116
113
112
107
104
102
101
101
102
103
107
107
107
111
112
118
123
128
131
127
128
125
125
123
123
121
118
111
110
108
110
113
117
120
122
130
132
136
140
144
148
152
156
162
165
169
166
163
158
153
150
145
140
136
130
127
124
120
117
115
113
109
109
110
109
111
114
117
119
121
126
127
130
134
132
133
134
130
128
127
126
126
125
121
121
119
122
125
124
124
128
133
135
142
144
150
156
160
164
168
172
174
173
168
163
158
154
149
144
138
133
129
125
122
118
120
116
113
113
115
115
118
120
121
123
129
131
132
139
143
143
138
139
136
136
135
134
137
134
130
129
125
125
125
127
126
132
133
140
143
150
154
158
162
166
171
175
181
181
177
175
169
163
159
155
150
149
144
138
133
131
127
124
128
125
125
127
130
132
133
133
137
140
142
143
147
143
140
138
138
136
136
136
137
138
135
131
128
134
132
133
136
136
143
148
153
158
165
170
174
178
181
188
191
190
187
184
181
178
175
170
166
162
157
151
148
146
146
142
139
139
137
135
134
134
136
137
139
140
143
147
152
150
144
144
141
140
137
135
138
139
142
141
140
141
142
141
141
140
146
154
157
160
164
168
175
177
184
188
189
189
185
182
179
177
175
172
171
168
163
160
155
150
150
146
145
148
143
143
141
142
143
143
145
147
147
147
151
147
145
145
142
141
141
140
138
139
136
134
132
136
139
138
137
138
141
150
154
155
161
166
171
176
179
185
189
190
187
186
182
179
181
177
172
168
162
158
155
152
152
147
147
149
147
150
152
152
149
152
153
152
157
153
157
155
150
148
148
147
147
147
146
146
146
142
140
145
141
143
146
149
146
150
153
159
163
164
169
175
181
186
189
188
184
186
184
183
178
174
172
171
165
162
160
156
156
154
152
154
153
153
156
155
153
156
156
157
161
159
161
159
158
157
154
152
152
151
149
147
147
148
143
143
145
143
141
141
146
151
154
157
159
163
169
172
178
185
187
184
184
182
182
178
175
173
171
167
165
161
158
156
155
152
152
154
150
152
151
150
152
151
154
156
159
163
165
160
161
156
157
154
151
152
150
150
147
143
140
142
141
145
143
145
148
147
152
152
158
163
165
171
177
183
184
183
186
185
181
182
179
174
176
172
168
164
159
159
159
157
155
154
150
150
151
152
151
154
156
157
157
162
161
157
153
149
147
147
144
144
148
146
143
144
138
136
139
138
140
141
141
143
148
152
159
162
167
174
177
183
186
184
182
179
178
176
176
172
167
161
156
150
145
143
140
139
138
136
133
133
132
134
130
135
137
140
143
146
147
144
141
141
140
138
136
135
138
136
134
133
129
130
130
132
133
136
135
140
145
149
153
158
160
166
172
176
180
178
177
178
173
170
164
159
155
151
147
147
143
139
140
138
136
134
133
131
129
131
135
134
139
140
144
149
149
146
146
142
145
142
140
139
139
138
136
134
131
130
130
131
130
134
138
142
148
152
158
164
167
171
174
178
183
183
180
178
172
168
164
160
155
151
147
141
136
137
134
133
132
131
129
130
132
134
137
139
140
141
144
149
152
150
144
141
138
135
133
130
129
127
122
118
115
113
113
114
119
120
126
132
135
141
144
147
153
157
165
169
173
172
170
166
161
155
153
148
143
139
133
128
124
120
119
119
118
119
119
120
121
121
125
129
130
130
132
133
138
136
135
133
132
127
125
123
119
115
115
112
110
109
110
113
116
120
123
129
133
139
143
147
153
155
159
163
170
169
164
163
159
153
147
141
138
135
130
124
119
118
117
113
113
112
111
113
112
114
119
121
127
127
131
132
139
139
136
134
132
128
125
122
119
116
116
114
109
108
107
109
115
117
121
126
130
136
139
144
147
152
155
158
161
158
153
147
141
139
134
129
123
121
117
111
106
105
106
102
99
101
102
103
104
107
109
110
109
116
120
126
129
127
128
124
118
114
111
107
106
102
103
101
94
97
98
104
108
113
116
120
123
127
134
137
141
147
151
153
157
152
147
141
137
131
127
122
116
112
108
104
98
97
96
95
95
97
98
97
100
103
104
105
106
109
113
119
122
119
116
112
108
106
102
99
97
94
94
91
90
93
97
99
102
107
108
113
118
121
125
127
130
131
134
134
135
130
125
119
113
109
104
99
94
92
86
82
79
77
78
76
76
74
76
78
79
80
83
89
92
96
100
105
106
103
100
96
93
89
84
82
81
79
79
80
80
82
86
87
92
95
99
103
107
112
115
116
117
119
119
119
119
113
107
101
95
89
83
78
75
71
67
63
60
59
59
57
59
62
63
63
68
70
72
78
83
87
90
94
96
93
90
86
82
80
76
76
74
75
75
75
75
77
80
83
88
89
92
94
95
95
96
96
96
96
96
96
96
90
84
78
73
67
63
59
55
50
47
44
40
39
42
40
40
44
44
47
50
55
60
61
65
67
69
73
73
69
67
65
64
63
63
63
63
63
63
63
63
65
68
68
71
73
74
76
80
81
82
83
83
83
84
84
84
79
73
67
62
58
53
49
45
41
38
35
33
32
33
31
32
34
37
39
42
43
45
47
49
53
53
58
58
55
49
47
49
54
54
55
55
55
55
55
55
55
56
56
56
57
57
58
59
60
60
61
61
62
62
63
63
57
51
45
39
34
30
26
23
21
20
16
14
17
17
17
17
22
24
26
29
30
32
34
36
37
42
43
47
46
45
44
44
45
45
45
45
45
46
46
47
47
47
49
49
50
50
50
51
52
52
52
53
54
54
54
55
49
44
38
32
27
24
21
18
16
14
11
11
12
15
15
18
22
24
26
29
31
33
37
39
39
41
44
45
40
37
36
36
36
36
36
37
39
39
40
41
41
42
41
41
41
41
41
41
41
41
42
42
42
42
42
42
38
33
27
22
19
18
16
13
11
9
6
4
6
8
10
11
15
17
18
22
23
26
28
30
32
33
33
33
28
27
27
27
27
27
27
27
27
27
27
27
27
27
27
27
27
27
28
28
28
29
30
31
31
32
32
34
28
25
21
18
15
12
10
7
5
4
4
4
7
7
8
10
14
14
16
18
20
20
22
22
23
23
23
24
22
21
20
20
20
20
21
21
21
21
21
21
21
22
22
22
22
22
22
22
22
23
23
23
23
23
23
23
19
17
15
12
9
6
4
5
4
4
4
4
6
8
10
12
14
17
17
18
18
18
19
19
19
19
19
19
14
13
13
13
13
13
13
13
13
13
14
14
14
14
14
15
15
15
15
15
15
15
15
15
15
15
15
16
11
7
4
2
1
1
1
1
1
1
1
1
3
6
7
10
10
10
10
10
10
10
10
11
11
11
11
11
9
9
9
9
9
9
9
9
9
9
9
9
9
9
9
9
9
9
9
10
10
10
10
10
10
10
10
10
6
3
2
2
2
2
2
2
2
2
2
2
2
3
3
4
5
5
5
5
5
5
5
6
7
7
8
8
7
7
7
7
7
8
9
10
10
11
11
11
11
11
11
11
11
11
11
11
11
11
12
12
12
12
13
14
8
4
2
2
2
2
2
2
2
2
2
2
2
2
1
0
0
0
0
1
1
1
1
1
1
1
2
2
1
2
2
2
2
2
2
2
2
2
3
3
3
3
3
3
3
3
3
3
3
3
3
4
4
4
5
5
2
2
2
3
4
4
4
4
4
4
4
5
5
5
5
6
6
6
6
6
7
8
8
8
8
8
8
8
3
2
2
3
3
3
3
4
4
4
4
4
4
4
3
2
2
2
3
3
3
3
3
3
3
3
3
3
2
2
2
2
2
2
2
2
2
3
3
3
3
3
2
2
2
2
2
2
2
4
4
4
4
4
4
4
2
2
2
2
2
3
3
3
3
3
3
3
3
3
2
2
2
2
3
3
3
3
3
4
4
4
4
4
1
0
0
0
0
0
0
0
0
0
0
1
1
1
1
1
1
1
1
1
1
1
1
1
1
1
1
1
0
0
0
0
0
0
0
0
0
0
1
1
1
1
1
1
1
1
1
2
2
2
2
2
2
2
2
2
1
1
1
1
1
1
1
1
1
1
1
1
1
1
1
1
1
1
1
1
1
1
1
1
1
1
1
1
0
0
0
0
0
0
0
0
0
0
0
0
0
0
0
0
0
0
0
0
1
1
1
1
1
2
2
2
1
1
2
2
2
2
3
3
4
4
4
4
4
4
3
3
3
3
3
4
4
4
4
4
4
4
5
5
1
0
0
0
0
0
0
0
0
0
0
0
0
0
0
0
0
0
1
2
2
2
3
3
3
3
3
3
1
1
2
2
2
2
2
2
2
2
2
2
2
2
2
2
2
2
2
2
2
2
2
2
2
2
2
2
0
0
0
0
0
0
0
0
1
1
1
1
1
1
0
1
1
1
1
1
1
1
1
1
1
1
1
1
2
2
2
2
2
2
2
2
2
2
2
2
2
2
2
2
2
2
2
2
2
2
2
2
2
2
3
3
1
1
1
1
1
2
2
2
2
2
2
2
2
2
2
2
2
2
2
2
2
2
2
2
3
3
3
3
1
1
1
1
1
1
1
1
1
1
1
1
1
1
1
1
1
1
1
1
1
1
1
1
1
1
1
1
0
0
0
0
0
0
0
0
0
0
0
0
0
0
0
0
0
0
0
0
0
0
1
1
1
1
1
1
1
1
1
1
1
1
1
1
1
1
1
1
1
1
1
1
1
1
1
1
1
1
1
1
1
1
1
1
0
0
0
0
0
0
0
0
0
0
0
0
0
0
0
0
1
1
1
1
1
1
1
1
1
2
2
2
2
2
2
2
2
2
2
2
2
2
2
2
2
2
1
1
1
1
1
1
1
1
1
2
2
2
2
2
1
1
1
1
1
1
1
1
1
1
1
1
1
1
1
2
2
2
2
2
3
3
3
3
3
3
3
3
0
0
0
0
0
0
0
0
0
0
0
0
0
0
0
0
0
0
0
0
0
0
0
0
0
0
0
0
0
0
0
1
1
1
1
1
1
1
1
1
1
1
1
1
1
1
1
1
1
1
1
1
1
1
1
1
0
0
0
0
0
0
0
0
0
0
0
0
0
0
0
0
0
0
1
1
1
1
1
1
2
2
2
2
0
0
0
0
0
0
0
0
0
0
0
0
0
0
0
0
0
0
0
0
0
0
0
0
0
0
0
0
0
0
0
0
0
1
1
1
1
1
1
1
1
1
0
0
0
0
1
1
1
1
2
2
2
2
2
2
1
1
1
2
2
2
2
2
3
3
3
3
3
3
3
3
3
3
3
3
3
3
3
3
3
3
3
3
0
0
0
0
0
0
1
1
1
1
1
1
1
1
1
1
1
1
1
1
1
1
1
1
1
1
1
1
0
0
0
0
0
0
0
0
0
0
0
0
0
0
0
0
0
0
0
0
0
0
0
1
1
2
2
2
3
3
3
3
3
3
3
3
3
3
3
3
3
3
3
3
3
3
3
3
3
3
3
3
3
3
3
3
0
0
0
0
0
0
0
0
0
0
0
0
0
0
0
0
0
0
0
0
0
0
0
0
0
0
0
0
0
0
0
0
0
0
0
0
0
0
0
0
0
0
0
0
0
0
0
0
0
0
0
0
0
0
0
0
0
0
0
1
1
1
1
1
1
1
1
1
1
1
0
0
0
0
0
0
0
0
0
0
0
0
0
0
0
0
0
0
0
0
0
0
0
0
0
0
0
0
0
0
0
0
0
0
0
1
1
1
1
1
1
2
2
2
2
2
2
3
3
3
3
3
3
3
3
3
2
2
2
2
2
2
2
3
3
3
3
3
3
3
1
1
1
1
1
1
1
1
1
1
1
1
1
1
1
1
1
1
1
1
1
1
1
1
1
1
1
1
0
0
0
0
0
0
0
0
0
0
0
0
0
0
0
0
0
0
0
0
0
0
0
0
0
0
0
0
0
0
0
0
0
0
0
0
0
0
0
0
0
0
0
0
0
0
0
0
0
0
0
1
1
1
1
1
0
0
0
0
0
0
0
0
1
1
1
1
1
1
1
1
1
1
1
1
1
1
1
1
1
1
1
1
0
0
0
0
0
0
0
0
0
0
0
0
0
0
0
0
0
0
0
0
0
0
0
0
0
0
0
0
0
0
0
0
0
0
0
0
0
0
0
0
0
0
0
0
0
0
0
0
0
0
0
0
0
0
0
0
0
0
0
0
0
0
0
0
0
0
0
0
0
0
0
0
0
0
0
0
0
0
0
0
0
0
0
1
0
0
0
0
0
0
0
0
0
0
0
0
0
0
1
2
2
2
2
2
2
2
2
3
3
3
3
3
1
0
0
0
0
0
0
0
0
0
0
0
0
0
0
0
1
1
1
1
1
1
1
1
1
1
1
1
0
0
0
0
0
0
0
0
0
0
0
0
0
0
0
0
0
0
0
0
0
0
0
0
0
0
0
1
1
1
1
1
1
1
1
1
1
1
1
1
1
1
1
1
1
1
1
1
1
1
1
1
1
1
1
1
0
0
0
0
0
0
0
0
0
0
0
0
1
1
1
1
1
1
1
1
1
1
1
1
1
2
2
2
1
1
1
1
1
1
1
1
1
1
1
1
1
1
1
1
1
1
1
1
1
1
1
1
1
1
1
1
0
0
0
0
0
0
0
0
0
0
1
1
1
1
1
1
1
1
1
1
1
1
1
1
1
1
1
1
0
0
0
0
0
0
0
0
0
0
0
0
0
0
0
0
0
0
0
0
0
0
0
0
0
0
0
0
0
0
0
0
0
0
0
0
0
0
0
0
0
0
0
0
0
0
0
0
0
0
0
0
0
0
0
0
0
0
0
0
0
0
0
0
0
0
0
0
0
0
0
0
0
0
0
0
0
0
0
0
0
0
0
0
0
0
0
0
0
0
0
0
0
0
0
0
0
0
0
0
0
0
0
0
0
0
0
0
0
0
0
0
0
0
0
0
0
0
0
0
0
0
0
0
0
0
0
0
0
0
0
0
0
0
0
0
0
0
0
0
0
0
0
0
0
0
0
0
0
0
0
0
0
0
0
0
0
0
0
0
0
0
0
0
0
0
0
0
0
0
0
0
0
0
0
0
0
0
0
0
0
0
0
0
0
0
0
0
0
0
0
0
0
0
0
0
0
0
0
0
0
0
0
0
0
0
0
0
0
0
0
0
0
0
0
0
0
0
0
0
0
0
0
0
0
0
0
1
1
1
1
1
1
1
1
1
1
1
1
1
1
1
1
1
1
1
1
1
1
1
1
1
0
0
0
0
0
0
0
0
0
0
0
0
0
0
0
0
0
0
0
0
0
0
0
0
0
0
0
0
0
0
0
0
0
0
0
0
0
0
0
0
0
0
0
0
0
0
0
0
0
0
0
0
0
0
0
0
0
0
0
0
0
0
0
0
0
0
0
0
0
0
0
0
0
0
0
0
0
0
0
0
0
0
0
0
0
0
0
0
0
0
0
0
0
0
0
0
0
0
0
0
0
0
0
0
0
0
0
0
0
0
0
0
0
0
0
0
1
1
1
1
1
1
1
1
1
1
1
1
1
1
1
1
1
1
1
1
1
1
1
1
0
0
0
0
0
0
0
0
0
0
0
0
0
0
0
0
0
0
0
0
0
0
0
0
0
0
0
0
0
0
0
0
0
0
0
0
0
0
0
0
0
0
0
0
0
0
0
0
0
0
0
0
0
0
0
0
0
0
0
0
0
0
0
0
0
0
0
0
0
0
0
0
0
0
0
0
0
0
0
0
0
0
0
0
0
0
0
0
0
0
0
0
0
0
0
0
0
0
0
0
0
0
0
0
0
0
0
0
0
0
0
0
0
0
0
0
0
0
0
0
0
0
0
0
0
0
0
0
0
0
0
0
0
0
0
0
0
0
0
0
0
0
0
0
0
0
0
0
0
0
0
0
0
0
0
0
0
0
0
0
0
0
0
0
0
0
0
0
0
0
0
0
0
0
0
0
0
0
0
0
0
0
0
0
0
0
0
0
0
0
0
0
0
0
0
0
0
0
0
0
0
0
0
0
0
0
0
0
0
0
0
0
0
0
0
0
0
0
0
0
0
0
0
0
0
0
0
0
0
0
0
0
0
0
0
0
0
0
0
0
0
0
0
0
0
0
0
0
0
0
0
0
0
0
0
0
0
0
0
0
0
0
0
0
0
0
0
0
0
0
0
0
0
0
0
0
0
0
0
0
0
0
0
0
0
0
0
0
0
0
0
0
0
0
0
0
0
0
0
0
0
0
0
0
0
0
0
0
0
0
0
0
0
0
0
0
0
0
0
0
0
0
0
0
0
0
0
0
0
0
0
0
0
0
0
0
0
0
0
0
0
0
0
0
0
0
0
0
0
0
0
0
0
0
0
0
0
0
0
0
0
0
0
0
0
0
0
0
0
0
0
0
0
0
0
0
0
0
0
0
0
0
0
0
0
0
0
0
0
0
0
0
0
0
0
0
0
0
0
0
0
0
0
0
0
0
0
0
0
0
0
0
0
0
0
0
0
0
0
0
0
0
0
0
0
0
0
0
0
0
0
0
0
0
0
0
0
0
0
0
0
0
0
0
0
0
0
0
0
0
0
0
0
0
0
0
0
0
0
0
0
0
0
0
0
0
0
0
0
0
0
0
0
0
0
0
0
0
0
0
0
0
0
0
0
0
0
0
0
0
0
0
0
0
0
0
0
0
0
0
0
0
0
0
0
0
0
0
0
0
0
0
1
1
1
1
1
1
1
1
1
1
1
1
1
1
1
1
