0
0
0
0.0
0.0
0.0
0.0
-4.0
-14.0
18.0
0.0
0.0
0.0
-1.0
-21.0
-7.0
-17.0
41.0
-18.0
1.0
-62.0
83.0
-34.0
35.0
-3.0
-27.0
-7.0
10.0
-40.0
50.0
-59.0
3.0
-14.0
42.0
-54.0
99.0
0.0
-24.0
-39.0
-37.0
-11.0
10.0
21.0
64.0
-35.0
23.0
-86.0
20.0
-57.0
84.0
-13.0
-5.0
-21.0
64.0
-82.0
123.0
-14.0
1.0
3.0
3.0
-34.0
13.0
-37.0
3.0
-76.0
71.0
-84.0
62.0
-98.0
180.0
-84.0
52.0
-74.0
107.0
-68.0
-51.0
-140.0
180.0
-61.0
81.0
-87.0
-5.0
-77.0
121.0
-76.0
137.0
-35.0
24.0
-122.0
41.0
-148.0
226.0
-100.0
12.0
-102.0
81.0
-78.0
147.0
-79.0
85.0
-95.0
99.0
-101.0
108.0
-136.0
154.0
-107.0
85.0
-80.0
40.0
-35.0
141.0
-71.0
66.0
-54.0
19.0
-106.0
104.0
-30.0
80.0
-78.0
-59.0
-91.0
143.0
-97.0
13.0
-7.0
128.0
-102.0
53.0
-55.0
113.0
-112.0
134.0
-47.0
-61.0
-109.0
229.0
-83.0
-16.0
-81.0
110.0
-74.0
110.0
-72.0
-4.0
-111.0
206.0
-26.0
-12.0
-77.0
120.0
-42.0
7.0
-75.0
126.0
9.0
-33.0
-61.0
37.0
-105.0
104.0
-78.0
72.0
-77.0
127.0
-28.0
42.0
-50.0
-8.0
-94.0
114.0
-49.0
76.0
-30.0
43.0
-34.0
12.0
-34.0
3.0
-85.0
64.0
56.0
13.0
-40.0
-19.0
-83.0
109.0
-18.0
19.0
-53.0
30.0
-74.0
112.0
-56.0
58.0
-46.0
18.0
-72.0
56.0
-96.0
135.0
-34.0
40.0
-36.0
13.0
3.0
15.0
-63.0
46.0
-41.0
59.0
-34.0
44.0
-28.0
49.0
-2.0
-14.0
15.0
1.0
-20.0
-16.0
-36.0
57.0
-23.0
38.0
0.0
0.0
0.0
0.0
-19.0
-19.0
-42.0
80.0
0
0.0
0.0
0.0
0.0
0.0
-12.0
-27.0
-48.0
60.0
-25.0
27.0
-27.0
15.0
-42.0
79.0
0.0
-11.0
-19.0
6.0
-28.0
38.0
-14.0
28.0
-10.0
-14.0
-16.0
24.0
-14.0
30.0
0.0
0.0
-8.0
-14.0
-14.0
36.0
-8.0
8.0
0.0
0.0
-10.0
-14.0
-14.0
38.0
0.0
0.0
0.0
-4.0
-14.0
18.0
0.0
0.0
0.0
0.0
-10.0
-14.0
-37.0
36.0
-14.0
39.0
0.0
0.0
0.0
0.0
0.0
0.0
0.0
-1.0
-14.0
-14.0
29.0
0
0
0
0
0
0
0
0
0
0
0
0
0.0
0.0
0.0
0.0
0.0
0.0
0.0
0
0
0
0.0
0.0
0.0
0.0
0.0
0
0
0
0
0
0
0
0
0
0
0
0
0
0
0
0
0
0
0
0
0
0
0
0
0
0
0
0
0
0
0
0
0
0
0
0
0
0
0
0
0
0
0
0
0
0
0
0
0
0
0
0
0
0
