0
0
0
0
0
0.0
0.0
0.0
0.0
0.0
-17.0
-37.0
-42.0
96.0
-28.0
-47.0
-50.0
109.0
-30.0
19.0
-45.0
49.0
-42.0
24.0
-54.0
63.0
-74.0
-23.0
-55.0
132.0
-3.0
-65.0
-125.0
76.0
-81.0
90.0
-181.0
148.0
-240.0
296.0
-166.0
78.0
-69.0
164.0
-84.0
16.0
-74.0
75.0
-248.0
194.0
-216.0
258.0
-316.0
192.0
-290.0
311.0
-261.0
165.0
-237.0
400.0
-266.0
330.0
-220.0
118.0
-341.0
258.0
-380.0
325.0
-303.0
178.0
-406.0
483.0
-418.0
210.0
-474.0
535.0
-423.0
376.0
-291.0
434.0
-307.0
466.0
-388.0
111.0
-425.0
536.0
-424.0
188.0
-310.0
733.0
-295.0
183.0
-397.0
338.0
-502.0
218.0
-505.0
433.0
-462.0
383.0
-435.0
562.0
-465.0
403.0
-587.0
489.0
-550.0
390.0
-536.0
661.0
-516.0
628.0
-466.0
621.0
-480.0
449.0
-585.0
398.0
-433.0
614.0
-471.0
271.0
-414.0
609.0
-504.0
206.0
-342.0
623.0
-437.0
313.0
-351.0
563.0
-297.0
447.0
-222.0
530.0
-283.0
121.0
-328.0
521.0
-156.0
-12.0
-230.0
430.0
-242.0
4.0
-123.0
480.0
-99.0
-65.0
-156.0
331.0
-139.0
-48.0
-75.0
160.0
-178.0
56.0
27.0
104.0
-125.0
46.0
7.0
85.0
-171.0
-7.0
-43.0
263.0
-128.0
86.0
-161.0
77.0
-62.0
209.0
-124.0
70.0
-32.0
103.0
-49.0
54.0
-11.0
28.0
-54.0
43.0
-52.0
84.0
-21.0
-3.0
-137.0
36.0
-30.0
153.0
-77.0
55.0
-68.0
50.0
-66.0
-9.0
-75.0
135.0
-123.0
126.0
-75.0
129.0
-44.0
4.0
-42.0
30.0
-72.0
118.0
-28.0
58.0
-7.0
-14.0
-61.0
-10.0
-88.0
131.0
-59.0
32.0
-38.0
114.0
-4.0
-42.0
-40.0
56.0
-44.0
4.0
-84.0
148.0
-16.0
-5.0
-36.0
63.0
-7.0
-14.0
-14.0
31.0
4.0
0.0
-30.0
-70.0
-20.0
76.0
-62.0
90.0
-27.0
43.0
-26.0
26.0
-13.0
13.0
-27.0
27.0
-1.0
1.0
0.0
0.0
-1.0
0.0
-5.0
-14.0
-14.0
22.0
-28.0
40.0
0.0
0.0
0.0
0.0
-11.0
-14.0
25.0
-7.0
-27.0
-6.0
3.0
28.0
9.0
0.0
-17.0
-28.0
-28.0
73.0
0.0
0.0
0.0
0.0
0.0
0.0
-16.0
6.0
-21.0
31.0
0.0
0.0
0.0
-12.0
-14.0
26.0
0
0
0
0.0
0.0
0.0
0.0
-15.0
-28.0
37.0
-14.0
-14.0
22.0
-14.0
-14.0
40.0
-7.0
2.0
-14.0
13.0
-14.0
20.0
0
0
0
0
0
0
0
0
0
0
0
0
0
0
0
0
0
0
0
0
0
0.0
0.0
0.0
-1.0
-14.0
-14.0
29.0
0
0
0
0
0
0
0
0
0
0
0
0
0
0
0
0
0
0
0
0
0
0
0
0
0
0
0
0
0
0
0.0
0.0
0.0
0.0
-1.0
1.0
