0
0
0
0.0
0.0
0.0
0.0
-3.0
-12.0
14.0
-24.0
0.0
-18.0
25.0
-14.0
23.0
-12.0
3.0
-30.0
41.0
-12.0
16.0
-7.0
-1.0
-15.0
6.0
-6.0
-28.0
32.0
-7.0
-79.0
37.0
-63.0
16.0
-48.0
128.0
-70.0
15.0
-88.0
157.0
-56.0
-9.0
-39.0
67.0
-81.0
66.0
-81.0
89.0
26.0
-68.0
-24.0
33.0
5.0
64.0
-57.0
39.0
-23.0
32.0
-58.0
46.0
-52.0
80.0
-51.0
-9.0
-84.0
140.0
18.0
2.0
-25.0
17.0
-20.0
17.0
-27.0
11.0
-23.0
59.0
-14.0
-12.0
-34.0
26.0
-24.0
53.0
0.0
-19.0
-17.0
17.0
-12.0
35.0
-16.0
-23.0
-40.0
40.0
-24.0
64.0
-2.0
2.0
0.0
-11.0
-15.0
24.0
-14.0
16.0
-1.0
-17.0
-25.0
43.0
-3.0
3.0
-7.0
7.0
0.0
0.0
-4.0
2.0
-16.0
-9.0
-35.0
62.0
0
0
0
0.0
0.0
0.0
0.0
0.0
0.0
-10.0
-23.0
29.0
-12.0
-12.0
28.0
0
0
0
0
0
0
0
0
0
0
0
0
0
0.0
0.0
0.0
0.0
0.0
0.0
-11.0
11.0
0
0
0
0
0
0
0
0
0
0
0
0
0
