0
0
0.0
0.0
0.0
0.0
-3.0
-14.0
-23.0
22.0
-16.0
33.0
-17.0
1.0
-17.0
33.0
-18.0
-10.0
-14.0
42.0
-14.0
-5.0
-35.0
-57.0
53.0
18.0
-108.0
70.0
-74.0
50.0
-26.0
61.0
-109.0
24.0
-74.0
192.0
-79.0
52.0
-98.0
80.0
-27.0
73.0
-47.0
-29.0
-24.0
92.0
-61.0
57.0
-29.0
24.0
-84.0
59.0
-92.0
130.0
-44.0
31.0
-43.0
71.0
-33.0
4.0
-92.0
78.0
-3.0
27.0
-42.0
43.0
8.0
-14.0
-56.0
103.0
0.0
-19.0
-21.0
14.0
-14.0
34.0
-13.0
-5.0
-14.0
38.0
0.0
-8.0
-14.0
22.0
-3.0
-23.0
-35.0
40.0
-25.0
46.0
-16.0
-28.0
-28.0
72.0
0.0
0.0
-5.0
1.0
-25.0
-14.0
-42.0
85.0
0
0
0.0
0.0
0.0
0.0
0.0
0.0
0.0
-22.0
-3.0
25.0
0
0
0
0
0
0
0
0
0
0
0
0.0
0.0
0.0
0.0
0.0
-7.0
-14.0
-14.0
35.0
0
0
0
0
0
0
0
0
0
