0
0
0
0.0
0.0
0.0
0.0
-9.0
-25.0
9.0
-36.0
35.0
-24.0
50.0
-22.0
-28.0
-28.0
78.0
0.0
-25.0
-56.0
80.0
-28.0
6.0
-36.0
43.0
-18.0
2.0
3.0
-2.0
-70.0
29.0
20.0
11.0
-88.0
-8.0
12.0
76.0
-46.0
69.0
-47.0
20.0
-42.0
-18.0
-79.0
112.0
-36.0
49.0
-115.0
75.0
-82.0
140.0
-108.0
67.0
-90.0
84.0
-130.0
102.0
-74.0
81.0
-118.0
198.0
-55.0
10.0
-108.0
124.0
-119.0
122.0
-78.0
36.0
-142.0
151.0
-156.0
100.0
-165.0
136.0
-109.0
197.0
-68.0
66.0
-94.0
80.0
-192.0
69.0
-156.0
227.0
-88.0
86.0
-177.0
146.0
-152.0
191.0
-234.0
135.0
-179.0
259.0
-173.0
176.0
-166.0
240.0
-176.0
110.0
-124.0
193.0
-93.0
42.0
-185.0
217.0
-84.0
126.0
-100.0
108.0
-119.0
13.0
-61.0
76.0
-138.0
130.0
-5.0
44.0
-83.0
107.0
-108.0
144.0
-146.0
94.0
-56.0
-3.0
-165.0
294.0
-94.0
36.0
-117.0
115.0
-93.0
102.0
-92.0
111.0
-108.0
137.0
-93.0
50.0
-152.0
130.0
2.0
94.0
-88.0
-22.0
-173.0
239.0
-124.0
58.0
-82.0
134.0
-70.0
64.0
-128.0
44.0
-63.0
84.0
-101.0
160.0
-91.0
128.0
34.0
-17.0
-61.0
-20.0
-43.0
114.0
-55.0
53.0
-67.0
42.0
-97.0
80.0
-80.0
140.0
-56.0
27.0
-83.0
82.0
-80.0
97.0
-52.0
33.0
-56.0
46.0
-38.0
93.0
-77.0
-12.0
-79.0
153.0
-36.0
39.0
-40.0
44.0
-30.0
-49.0
-102.0
187.0
-33.0
0.0
-86.0
72.0
-36.0
97.0
-32.0
11.0
-3.0
-10.0
-53.0
41.0
-65.0
75.0
-28.0
24.0
28.0
-18.0
-43.0
-11.0
-22.0
49.0
-64.0
84.0
31.0
-28.0
-28.0
17.0
28.0
16.0
-17.0
-54.0
-52.0
70.0
9.0
17.0
-39.0
42.0
-14.0
28.0
7.0
-5.0
-18.0
15.0
12.0
0.0
0.0
-10.0
-14.0
-14.0
22.0
-40.0
-39.0
31.0
-12.0
24.0
-35.0
87.0
-10.0
-14.0
24.0
0.0
-10.0
6.0
-23.0
20.0
-14.0
16.0
-14.0
19.0
0.0
0.0
-7.0
7.0
0
0
0
0
0
0
0
0.0
0.0
0.0
0.0
0.0
0
0
0
0
0
0
0
0
0
0
0
0
0
0
0
0.0
0.0
0.0
-4.0
4.0
0.0
0.0
0.0
0.0
-5.0
-14.0
-14.0
33.0
0.0
0.0
0
0
0
0
0
0
0
0
0
0
0
0
0
0
0
0
0
0
0
0
0
0
0
0
0
0
0
0
0
0
0
0
0
0
0
0
0
0
0
0
0
0
0
0
0
0
0
0
0
0
0
0
0
0
0
0
0
0
0
0
0
0
0
0
0
0
0
0
