0
0
0
0
0
0.0
0.0
0.0
0.0
0.0
-32.0
-20.0
-39.0
59.0
-63.0
12.0
-7.0
83.0
-47.0
12.0
-81.0
60.0
-77.0
136.0
-65.0
11.0
-136.0
76.0
-51.0
49.0
-174.0
97.0
-215.0
211.0
-243.0
128.0
-270.0
225.0
-360.0
238.0
-302.0
197.0
-500.0
264.0
-469.0
302.0
-526.0
387.0
-609.0
359.0
-736.0
340.0
-757.0
432.0
-805.0
430.0
-1009.0
676.0
-912.0
340.0
-1199.0
579.0
-991.0
79.0
-1475.0
682.0
-1090.0
-40.0
-1584.0
971.0
-1130.0
73.0
-1964.0
714.0
-1369.0
72.0
-2095.0
888.0
-1545.0
142.0
-2218.0
937.0
-1932.0
270.0
-2357.0
748.0
-2251.0
377.0
-2344.0
976.0
-2546.0
357.0
-2505.0
1019.0
-2926.0
232.0
-2645.0
1155.0
-3306.0
156.0
-3039.0
1273.0
-3429.0
182.0
-3360.0
1481.0
-3846.0
-45.0
-3457.0
1524.0
-3907.0
89.0
-3610.0
1763.0
-4030.0
227.0
-3829.0
1967.0
-4199.0
369.0
-4087.0
1893.0
-4355.0
351.0
-4561.0
1999.0
-4621.0
470.0
-4648.0
1977.0
-4649.0
825.0
-4642.0
2192.0
-4773.0
1119.0
-4796.0
2356.0
-4964.0
1287.0
-4816.0
2583.0
-5061.0
1410.0
-5001.0
2690.0
-5142.0
1664.0
-4999.0
2956.0
-5130.0
2091.0
-4872.0
3197.0
-5305.0
2228.0
-4953.0
3366.0
-5228.0
2412.0
-4979.0
3533.0
-5303.0
2689.0
-4902.0
3837.0
-5316.0
2934.0
-4944.0
3949.0
-5340.0
3379.0
-4926.0
4147.0
-5340.0
3179.0
-4811.0
4442.0
-5237.0
4101.0
-4690.0
4748.0
-5211.0
4456.0
-4576.0
5048.0
-4983.0
4515.0
-4402.0
5256.0
-4920.0
4632.0
-4236.0
5436.0
-4803.0
4782.0
-4231.0
5777.0
-4548.0
4956.0
-4014.0
5952.0
-4419.0
5009.0
-3810.0
6196.0
-4198.0
5328.0
-3697.0
6673.0
-3950.0
5670.0
-3520.0
6872.0
-3754.0
5747.0
-3435.0
6970.0
-3561.0
5844.0
-3300.0
7319.0
-3234.0
6111.0
-3175.0
7596.0
-3099.0
6154.0
-3008.0
7668.0
-2752.0
6523.0
-2858.0
7918.0
-2407.0
6417.0
-2557.0
8108.0
-2042.0
6276.0
-2268.0
8248.0
-1662.0
5837.0
-1888.0
8469.0
-1380.0
4587.0
-1558.0
8330.0
-1125.0
4064.0
-1287.0
8248.0
-970.0
3781.0
-1036.0
7585.0
-810.0
3723.0
-765.0
6998.0
-574.0
3373.0
-476.0
5833.0
-259.0
2092.0
-102.0
785.0
-59.0
450.0
6.0
-19.0
-56.0
57.0
19.0
28.0
-18.0
19.0
-20.0
-15.0
-28.0
63.0
0.0
0.0
-3.0
-14.0
-14.0
31.0
-16.0
-30.0
-47.0
93.0
0.0
0.0
0.0
0.0
0.0
-12.0
-14.0
26.0
0.0
0.0
0.0
0.0
-9.0
-30.0
-14.0
-8.0
7.0
42.0
-14.0
26.0
0.0
0.0
-22.0
-5.0
-25.0
27.0
12.0
-14.0
-14.0
41.0
0
0
0
0
0
0
0
0
0.0
0.0
0.0
0.0
-3.0
-14.0
-14.0
31.0
-4.0
-14.0
-14.0
32.0
0.0
0.0
-1.0
-14.0
-14.0
29.0
-6.0
6.0
0.0
0.0
0.0
0.0
0
0
0
0
0
0
0
0
0
0
0
0
0
0
0
0
0
0
0
0
0
0
0
0
0.0
0.0
0.0
0.0
0.0
0
