0
0
0
0
0
0
0
0
0
0
0
0
0
0
0
0
0
0
0
0
0
0
0
0
0
0
0
0
0
0
0
0
0
0
0
0
0
0
0
0
0
0
0
0
0
0
0
0
0
0
0
0
0
0
0
0
0
0
0
0
0
0
0
0
0
0
0
0
0
0
0
0
0
0
0
0
0
0
0
0
0
0
0
0
0
0
0
0
0
0
0
0
0
0
0
0
0
0
0
0
0
0
0
0
0
0
0
0
0
0
0
0
0
0
0
0
0
0
0
0
0
0
0
0
0
0
0
1
1
2
2
2
3
3
3
3
3
3
3
3
2
2
2
2
2
2
2
2
2
2
2
2
2
2
2
2
2
3
3
3
3
3
3
3
3
3
3
3
1
1
1
1
1
1
1
2
2
2
2
2
2
2
2
2
3
3
4
4
5
5
5
6
6
6
6
6
4
3
3
3
3
3
3
3
3
3
3
3
3
3
3
3
3
3
3
3
3
3
3
3
3
3
3
3
1
0
0
0
0
0
0
1
1
1
1
1
1
1
2
2
2
2
2
2
2
2
3
5
5
6
6
6
3
2
2
2
2
2
2
2
2
2
2
2
3
4
4
5
6
6
7
7
7
8
8
8
8
9
9
9
4
3
3
3
3
3
3
3
3
3
3
3
3
3
5
5
5
5
5
5
5
5
5
6
6
6
7
7
2
0
0
0
0
0
0
0
0
0
0
1
1
2
2
2
3
4
5
5
5
5
5
5
6
6
6
6
2
2
2
2
2
2
2
3
3
4
5
6
6
6
6
7
8
8
8
9
9
9
9
11
12
13
13
14
8
5
4
5
5
5
5
5
5
5
5
5
5
5
4
4
4
4
5
6
6
7
8
10
10
10
10
10
6
4
4
4
5
5
5
5
6
7
9
9
10
11
9
10
10
12
12
12
13
13
14
14
14
16
16
17
12
10
9
9
9
9
9
9
10
10
10
11
12
13
13
13
14
14
15
15
16
17
17
17
17
18
20
22
16
12
9
8
7
7
10
12
12
12
12
12
13
14
13
15
17
18
18
18
18
19
20
20
21
23
23
23
18
14
12
11
11
11
12
12
12
12
13
13
14
18
18
19
20
20
20
20
20
20
21
21
24
27
27
29
24
19
16
14
12
14
15
15
16
16
16
17
18
21
20
22
24
26
26
28
29
29
30
30
30
31
31
32
27
22
19
18
16
15
15
15
15
15
15
16
17
18
19
18
19
19
20
22
24
25
26
28
30
31
34
35
29
23
18
17
18
17
19
20
20
21
22
23
27
29
30
31
32
32
34
35
36
39
40
40
40
43
43
44
38
33
29
26
23
23
22
21
21
22
21
22
24
26
27
28
29
30
33
33
36
39
40
40
43
45
45
46
40
34
28
25
25
23
23
23
24
24
24
27
28
31
29
35
38
39
42
42
43
44
44
44
44
46
48
48
42
37
33
28
26
26
25
27
26
25
28
28
30
34
35
37
39
39
42
45
47
50
50
50
52
52
53
55
49
43
38
33
29
29
28
29
28
28
30
30
32
37
39
43
47
50
53
53
56
56
56
56
57
60
62
64
62
57
52
47
41
38
37
37
37
37
37
38
40
45
45
48
53
54
59
62
62
63
63
66
67
67
69
70
67
63
58
52
47
43
41
36
35
35
35
36
40
43
45
48
49
52
57
61
64
66
68
70
71
74
79
79
77
72
68
62
57
54
53
53
54
55
55
56
58
62
65
67
68
73
73
74
75
76
76
80
81
81
82
83
77
72
66
61
55
49
46
42
43
39
36
34
37
40
43
47
52
55
59
64
68
72
75
77
82
84
87
89
84
81
77
71
67
64
63
63
64
64
64
65
67
68
73
77
80
85
88
89
91
92
92
94
96
97
97
100
94
91
87
82
78
74
71
71
67
64
58
53
51
52
53
55
56
61
65
69
75
78
81
85
90
92
97
103
99
98
99
93
89
86
84
82
81
79
78
80
83
86
89
92
94
97
99
103
110
114
117
118
117
118
120
121
116
113
110
106
101
99
97
91
86
81
76
72
71
73
70
68
69
71
72
77
82
85
91
93
99
105
109
111
109
108
104
101
100
96
95
93
88
89
88
88
90
96
99
101
107
111
114
118
123
125
128
128
132
132
135
136
130
126
121
116
110
106
105
101
96
94
90
85
82
81
80
79
81
79
83
86
84
90
94
97
103
109
114
119
118
118
118
115
111
111
107
106
105
102
100
102
106
110
112
118
121
126
130
136
139
146
151
155
160
166
166
168
166
160
155
149
143
139
133
131
127
124
121
119
116
114
113
111
108
107
106
104
106
108
106
107
112
117
122
127
126
125
125
126
126
128
122
123
124
122
125
119
122
125
128
129
130
135
140
145
150
153
160
164
169
171
174
181
175
172
167
164
160
154
149
148
144
141
135
133
131
131
130
130
129
127
125
127
126
125
125
126
127
128
131
134
133
132
132
132
130
128
126
124
128
125
126
127
127
134
135
141
142
148
152
156
164
170
173
178
182
186
189
193
190
189
186
179
176
171
169
166
161
158
153
148
148
147
144
145
145
143
147
147
148
148
150
147
149
146
150
151
152
147
146
141
141
142
141
141
140
136
135
136
137
141
147
149
154
159
166
170
175
180
184
191
196
203
207
211
211
209
207
203
202
199
196
191
188
184
181
176
174
175
175
171
169
168
167
169
168
163
166
165
166
165
163
167
158
157
150
146
148
145
145
148
147
147
150
150
149
150
151
153
156
161
167
171
179
187
188
194
197
203
207
214
214
212
212
210
210
207
204
203
199
196
192
187
186
185
184
185
183
189
187
187
190
189
191
192
193
190
192
191
184
178
175
172
169
163
163
162
157
156
155
157
161
163
167
163
166
173
177
183
189
189
200
207
215
220
225
230
235
234
235
233
231
228
230
229
228
223
225
223
221
218
215
214
215
212
216
214
213
210
214
214
215
219
220
218
214
209
205
198
192
189
189
184
179
177
173
174
175
173
177
180
180
180
184
192
196
201
206
210
211
217
226
231
236
234
235
236
237
239
241
242
242
241
239
239
239
243
242
240
244
243
239
240
239
241
244
244
242
245
242
242
238
235
227
226
224
218
212
207
203
203
203
201
200
200
199
203
205
211
211
217
223
222
230
231
234
238
242
245
246
246
247
247
245
247
245
246
248
250
248
246
248
249
254
254
253
255
257
257
259
261
262
265
260
262
260
262
257
257
249
245
244
236
234
229
224
221
217
214
213
215
217
222
225
229
235
235
242
245
246
247
254
258
262
265
261
258
251
254
251
252
252
255
255
255
255
259
258
264
259
264
265
268
273
278
280
287
291
295
296
296
298
300
294
292
283
278
274
267
266
259
255
249
244
237
238
239
236
234
230
234
240
247
250
256
259
264
267
273
276
280
283
274
273
274
270
270
270
273
272
270
269
267
269
275
282
283
280
280
283
286
288
286
292
296
295
299
304
309
304
299
294
291
283
278
274
270
267
263
258
255
254
250
247
249
254
250
252
259
263
263
270
274
276
279
284
292
285
284
282
280
280
273
274
271
270
268
267
271
272
274
273
278
280
290
294
295
299
302
306
309
312
317
322
325
321
315
311
307
303
300
298
286
288
281
277
273
269
272
268
271
272
271
272
277
275
276
276
281
287
289
293
295
295
294
291
287
283
283
276
276
278
274
275
269
272
281
278
284
291
298
300
305
310
314
314
319
320
325
330
328
324
323
318
319
314
309
308
303
299
294
289
288
287
286
285
285
286
288
288
289
290
292
295
305
303
307
306
312
308
302
304
304
300
299
297
298
295
295
291
286
296
295
295
295
298
302
306
313
309
318
324
329
330
334
341
344
341
341
338
332
332
328
325
322
319
320
315
314
311
311
312
315
319
319
323
324
321
325
328
328
333
336
338
340
337
332
321
324
324
317
315
313
315
309
306
306
309
311
310
318
320
319
323
327
331
333
336
342
342
348
350
357
355
354
353
350
353
345
346
342
342
341
334
334
331
335
332
333
329
337
335
338
338
338
343
340
344
348
349
350
348
344
342
339
333
332
335
334
333
323
321
321
321
324
318
322
323
329
326
330
336
340
341
341
342
344
344
351
346
348
344
341
344
348
349
343
341
340
334
334
336
333
334
334
335
331
332
336
339
342
343
347
349
351
354
352
351
354
348
343
339
339
338
335
340
332
333
328
326
328
329
329
332
331
337
340
348
349
354
356
357
363
360
365
366
364
363
358
358
356
354
350
350
349
347
341
343
341
345
345
345
345
344
351
352
352
358
363
365
368
373
370
363
357
357
352
351
345
345
346
344
343
342
343
335
340
338
337
343
347
350
349
356
356
362
364
366
370
371
377
372
372
365
363
362
360
358
360
359
359
352
350
351
353
353
349
343
350
345
354
351
354
353
355
358
360
367
369
364
358
357
358
348
343
343
346
344
345
343
339
342
343
343
346
346
354
355
357
359
360
367
371
373
378
379
387
385
380
377
378
376
372
374
371
365
361
360
357
353
351
355
351
355
356
353
359
361
360
365
369
366
364
370
377
375
369
368
362
360
352
352
347
348
343
341
339
339
347
346
347
361
362
369
367
368
372
372
378
381
381
386
391
383
383
383
381
374
370
365
366
362
360
357
351
355
360
352
352
356
355
359
358
360
358
359
358
358
364
368
368
365
361
362
354
351
347
346
341
339
339
341
343
338
343
345
349
359
356
365
365
365
368
373
378
384
386
392
395
390
389
380
379
377
366
367
362
357
352
349
346
344
341
346
345
345
349
352
352
351
352
353
352
354
358
359
365
367
361
356
350
347
342
343
338
339
340
338
338
340
343
346
353
355
359
364
374
379
383
388
392
397
404
407
404
406
397
390
387
383
376
376
371
365
355
352
350
350
351
348
352
351
347
351
351
354
355
351
360
359
360
360
362
359
358
352
348
344
342
341
340
338
338
335
334
336
336
341
349
352
358
364
370
373
377
380
387
390
398
400
404
400
395
390
382
376
373
372
362
362
360
360
351
349
351
350
352
355
358
358
360
356
358
359
357
358
360
359
367
360
355
352
352
343
338
342
339
341
340
340
338
343
347
357
352
357
364
369
373
377
382
390
395
402
412
415
416
410
401
391
389
381
374
371
366
362
356
354
351
351
347
348
350
349
354
357
357
355
359
361
358
361
358
359
359
352
348
345
346
344
336
339
337
338
337
333
337
342
348
348
352
362
366
371
380
380
383
387
389
394
404
402
406
407
400
397
391
383
377
372
363
362
360
354
349
352
355
353
352
353
351
352
356
351
356
355
357
360
360
364
367
359
353
352
346
345
347
343
343
340
340
337
342
343
347
351
355
362
365
373
377
379
385
391
393
395
399
407
408
401
398
392
385
377
375
370
364
358
351
347
348
347
343
351
349
352
348
351
349
351
354
353
358
355
357
358
367
360
360
357
356
353
351
344
344
345
340
340
338
342
351
351
359
364
372
372
383
383
388
389
390
397
403
408
404
403
398
389
384
380
374
368
364
357
354
348
343
343
341
342
339
343
344
343
344
343
344
342
339
346
344
349
349
352
350
347
342
337
335
332
328
333
335
336
334
339
340
348
353
359
362
365
372
379
382
384
389
389
396
394
391
386
382
375
370
360
352
348
346
337
338
331
329
326
333
330
331
330
341
338
337
339
340
340
338
336
338
347
348
351
345
342
338
338
331
331
332
332
331
329
337
339
346
350
355
357
360
366
369
369
375
380
386
386
387
387
384
379
372
364
359
352
348
345
341
335
331
325
321
322
319
322
323
324
323
325
319
323
322
325
329
329
337
339
336
333
328
328
321
320
325
324
325
328
329
327
332
332
336
341
346
345
352
354
356
359
363
363
369
371
370
368
367
364
356
351
349
342
337
334
333
332
332
328
325
319
322
323
320
317
319
315
315
316
320
323
326
325
326
331
334
329
328
323
321
320
319
319
319
320
322
324
325
328
332
336
338
341
345
348
353
360
361
361
363
361
357
361
362
356
349
339
335
332
328
327
324
316
313
310
310
308
309
303
302
307
302
302
307
308
309
307
314
318
318
318
324
322
319
315
314
313
312
312
315
317
318
315
321
323
330
331
336
333
346
347
349
352
349
349
352
351
347
343
344
335
335
331
329
325
318
316
313
306
302
301
298
298
301
298
301
299
302
299
302
309
308
306
310
313
315
313
319
313
308
307
310
307
309
306
304
311
309
311
317
317
321
321
318
327
330
326
327
326
333
331
332
334
333
331
333
329
325
321
318
311
304
305
300
299
298
291
289
287
286
285
287
285
287
283
289
288
289
291
293
294
293
301
304
303
298
298
299
296
299
301
297
304
306
307
305
311
309
310
313
316
317
316
319
318
314
316
320
317
319
325
328
321
318
318
311
305
306
299
296
293
294
289
286
284
281
280
274
273
272
272
278
272
275
278
282
284
289
292
299
300
299
296
296
295
296
300
303
302
302
306
302
306
309
305
302
302
299
300
300
300
302
297
300
304
307
309
308
308
302
297
291
291
284
279
277
275
270
266
266
262
260
254
256
253
254
257
257
265
264
264
266
271
273
282
288
287
286
286
288
288
288
290
291
295
288
289
286
280
284
285
280
281
279
277
283
282
284
283
284
286
287
288
286
287
284
277
270
265
263
262
262
258
251
248
244
238
239
235
233
233
238
238
245
246
252
255
260
262
272
273
278
279
280
281
285
286
286
285
283
282
279
273
272
272
269
270
266
264
263
263
262
267
267
268
269
272
271
274
278
272
268
267
256
257
249
249
245
240
236
232
223
221
223
221
229
224
230
234
235
243
245
251
252
262
268
271
278
276
279
274
274
277
273
269
271
267
265
260
252
250
253
249
250
249
253
253
255
258
259
258
259
264
265
265
267
261
258
251
247
245
238
236
233
223
218
213
211
209
208
212
212
221
221
222
225
227
238
244
244
251
256
266
272
268
265
263
261
258
255
252
248
243
237
232
226
224
228
227
228
228
230
230
229
233
236
238
239
237
238
239
240
240
235
230
223
218
210
207
204
197
194
193
191
190
195
197
201
207
208
211
217
224
228
235
240
243
248
255
261
259
257
251
248
240
237
230
229
224
221
217
214
212
212
213
216
219
219
219
222
221
224
223
226
231
227
231
231
226
221
213
207
200
192
186
183
181
179
178
175
176
181
185
189
193
199
202
207
211
217
225
231
237
242
244
245
243
238
231
226
219
212
208
206
205
202
199
196
195
192
195
195
195
195
194
195
200
199
200
201
204
203
203
201
193
186
181
174
168
163
163
163
162
163
163
159
159
169
176
177
181
189
194
201
208
212
218
218
219
222
222
221
215
208
202
197
195
189
188
188
183
181
178
173
172
176
176
175
176
174
176
176
178
176
174
176
174
174
173
169
167
160
157
154
150
148
147
149
149
149
150
150
155
155
164
165
169
181
181
185
185
191
193
192
192
192
190
190
185
180
177
173
169
166
163
159
157
154
150
147
147
146
146
149
149
149
149
147
149
146
143
141
141
143
144
146
144
143
142
139
138
138
139
140
141
142
144
145
152
154
158
159
161
160
162
165
163
163
164
164
162
161
162
164
162
159
155
149
146
145
142
140
137
133
127
125
124
125
121
121
120
118
118
117
115
113
113
118
121
124
130
136
132
131
130
126
126
130
130
132
134
134
132
132
133
133
135
135
135
135
135
133
133
132
131
133
135
137
139
140
137
133
129
125
120
117
117
115
112
108
101
99
98
96
92
92
90
91
89
91
92
95
97
102
106
110
115
118
116
115
113
116
118
118
117
117
115
113
112
110
107
107
105
105
104
103
106
108
109
110
112
115
117
119
121
124
120
115
111
108
104
99
95
91
87
81
76
72
69
69
67
64
63
67
70
74
77
80
84
89
91
96
101
105
104
105
105
105
102
99
96
95
92
91
88
85
84
82
81
82
83
85
86
88
91
93
95
97
98
101
103
104
100
96
90
86
82
76
72
66
61
56
52
46
45
44
46
47
51
55
59
63
67
71
77
80
84
88
90
92
89
86
83
80
78
75
73
71
68
65
62
60
60
61
62
62
65
68
71
71
74
77
77
79
81
82
83
84
78
72
66
60
54
48
44
39
35
30
29
29
33
35
39
43
46
50
54
56
59
62
66
67
67
67
67
67
63
60
57
55
52
49
47
45
43
42
41
40
42
43
43
46
50
50
53
53
56
57
58
59
60
60
60
60
54
48
42
36
30
25
22
21
20
20
20
20
24
27
31
33
36
40
42
42
43
43
44
44
44
44
44
44
40
37
34
31
28
26
25
25
24
25
25
25
26
27
29
31
32
34
34
35
36
36
36
36
36
36
36
36
30
24
18
14
12
12
12
12
12
12
12
13
15
17
18
18
18
18
18
18
18
19
19
19
19
19
19
19
16
13
10
9
8
8
7
7
7
7
7
7
8
8
7
8
9
9
9
9
9
9
9
9
9
9
9
9
5
3
3
3
3
3
3
3
3
3
3
3
3
3
3
3
3
4
4
4
4
4
5
5
5
5
5
5
4
3
2
1
1
1
1
1
1
1
1
1
2
2
1
1
1
1
1
1
1
1
1
1
1
1
1
1
1
1
1
1
1
1
1
1
1
2
2
2
2
2
3
3
3
3
3
3
4
4
4
5
5
5
5
6
3
2
2
2
2
2
2
2
2
2
2
2
2
2
1
1
1
1
1
1
1
1
1
1
1
1
1
1
0
0
0
0
0
0
0
0
0
0
0
0
0
1
1
1
1
1
1
1
1
1
1
1
2
2
2
2
0
0
0
0
0
0
0
0
0
0
0
0
0
0
0
0
0
0
0
1
2
2
2
2
2
3
3
3
2
1
2
2
2
2
2
2
2
2
2
2
2
2
2
2
2
2
2
2
2
2
2
2
2
2
2
2
0
0
0
0
0
0
0
0
0
0
0
0
0
0
0
0
0
0
0
0
0
0
0
0
0
0
0
0
0
0
0
0
0
0
0
0
0
0
0
0
0
0
0
0
0
0
0
0
0
0
0
0
0
1
1
1
1
1
1
1
1
1
1
1
1
1
1
1
1
1
1
1
1
1
1
1
1
1
1
1
1
1
1
1
0
0
0
0
0
0
0
0
0
0
0
0
0
0
0
0
0
1
1
1
1
1
1
2
2
2
2
2
2
2
2
2
2
2
2
2
2
2
2
2
3
3
3
3
3
3
3
3
3
3
3
4
4
4
4
4
1
0
0
0
0
0
0
0
0
0
0
0
0
0
0
0
0
0
0
0
0
0
0
0
0
0
0
0
0
0
0
0
0
0
0
0
0
0
0
0
0
0
0
0
0
0
0
0
0
0
0
0
0
0
0
0
0
0
0
0
0
0
0
0
0
0
0
0
0
0
0
0
0
0
0
0
0
0
0
0
0
0
0
0
0
0
1
1
1
1
1
1
1
1
1
1
1
1
1
1
1
1
1
1
1
1
1
1
1
1
1
1
0
0
0
0
0
0
0
0
0
0
0
0
0
0
0
0
0
0
0
0
0
0
0
0
0
0
0
0
0
0
0
0
0
0
0
0
0
0
0
0
0
0
0
0
0
0
0
0
0
0
0
0
0
0
0
0
0
0
0
0
0
0
0
0
0
0
0
0
0
0
0
0
0
0
0
1
1
1
1
1
1
1
1
1
1
1
1
1
1
2
2
3
3
3
3
3
3
3
2
2
2
2
2
3
3
3
3
3
3
3
3
3
2
2
2
2
2
2
2
2
2
2
2
3
3
3
2
2
2
2
2
2
2
2
2
2
2
2
2
2
0
0
1
1
1
1
1
1
1
1
1
1
1
1
1
1
1
1
1
1
1
1
1
1
1
1
1
1
0
0
0
0
0
0
0
0
0
0
0
0
0
0
0
0
0
0
0
0
0
0
0
0
0
0
0
0
0
0
0
0
0
0
0
0
0
0
0
0
0
0
0
1
1
1
1
2
2
2
2
2
2
2
2
2
1
1
1
1
1
1
1
1
1
1
1
1
1
1
1
1
1
2
2
2
2
2
2
2
2
2
2
2
1
1
1
1
1
1
1
1
1
1
1
1
1
1
0
1
1
1
1
1
1
1
1
1
1
1
1
1
1
1
1
1
1
1
1
1
1
1
1
1
1
1
1
1
1
1
1
1
1
1
1
1
1
1
1
1
0
0
0
0
0
0
0
0
0
0
0
0
0
0
0
0
0
0
0
0
0
0
0
0
0
0
0
0
0
0
0
0
0
0
0
0
0
0
0
0
0
0
0
0
0
0
0
0
0
0
0
0
0
0
0
0
0
0
0
0
0
0
0
0
0
0
0
0
0
0
0
0
0
0
0
0
0
0
0
0
0
0
0
0
0
0
0
0
0
0
0
0
0
0
0
0
0
0
0
0
0
0
0
0
0
0
0
0
0
0
0
0
0
0
0
0
0
0
0
0
0
0
0
0
0
0
0
0
0
0
0
0
0
0
0
0
0
0
0
0
0
0
0
0
0
0
0
0
0
0
0
0
0
0
0
0
0
0
0
0
0
0
0
0
0
0
0
0
0
0
0
0
0
0
0
0
0
0
0
0
0
0
0
0
0
0
0
0
0
0
0
0
0
1
1
1
1
1
1
1
1
1
1
1
1
1
1
1
1
1
1
1
1
1
1
1
1
1
1
1
1
1
1
1
0
0
0
0
0
0
0
0
0
0
0
0
0
0
0
0
0
0
0
0
0
0
0
0
1
1
1
1
1
1
1
1
1
1
1
1
1
1
1
1
1
1
1
1
1
1
1
1
1
1
1
1
1
1
1
1
0
0
0
0
0
0
0
0
0
0
0
0
0
0
0
0
0
0
0
0
0
0
0
0
0
0
0
0
0
0
0
0
0
0
0
0
0
0
0
0
0
0
0
0
0
0
0
0
0
0
0
0
0
0
0
1
1
1
1
1
1
1
1
1
1
1
1
1
1
1
1
1
1
1
1
1
1
1
1
1
1
1
1
1
0
0
0
0
0
0
0
0
0
0
0
0
0
0
0
0
0
0
0
0
0
0
1
1
1
1
1
1
0
0
0
0
0
0
0
0
0
0
0
0
0
0
0
0
0
0
0
0
0
0
0
0
0
0
0
0
0
0
0
0
0
0
0
0
0
0
0
0
0
0
0
0
0
0
0
0
0
0
0
0
0
0
0
0
0
0
0
0
0
0
0
0
0
0
0
0
0
0
0
0
0
0
0
0
0
0
0
0
0
0
0
0
0
0
0
0
0
0
0
0
0
0
0
0
0
0
0
0
0
0
0
0
0
0
0
0
0
0
0
0
0
0
0
0
0
0
0
0
0
0
0
0
0
0
0
0
0
0
0
0
0
0
0
0
0
0
0
0
0
0
0
0
0
0
0
0
0
0
0
0
0
0
0
0
0
0
0
0
0
0
0
0
0
0
0
0
0
0
0
0
0
0
0
0
0
0
0
0
0
0
0
0
0
0
0
0
0
0
0
0
0
0
0
0
0
0
0
0
0
0
0
0
0
0
0
0
0
0
0
0
0
0
0
0
0
0
0
0
0
0
0
0
0
0
0
0
0
0
0
0
0
0
0
0
0
0
0
0
0
0
0
0
0
0
0
0
0
0
0
0
0
0
0
0
0
0
0
0
0
0
0
0
0
0
0
0
0
0
0
0
0
0
0
0
0
0
0
0
0
0
0
0
0
0
0
0
0
0
0
0
0
0
0
0
0
0
0
0
0
0
0
0
0
0
0
0
0
0
0
0
0
0
0
0
0
0
0
0
0
0
0
0
0
0
0
0
0
0
0
0
0
0
0
0
0
0
0
0
0
0
0
0
0
0
0
0
0
0
0
0
0
0
0
0
0
0
0
0
0
0
0
0
0
0
0
0
0
0
0
0
0
0
0
0
0
0
0
0
0
0
0
0
0
0
0
0
0
0
0
0
0
0
0
0
0
0
0
0
0
0
0
0
0
0
0
0
0
0
0
0
0
0
0
0
0
0
0
0
0
0
0
0
0
0
0
0
0
0
0
0
0
0
0
0
0
0
0
0
0
0
0
0
0
0
0
0
0
0
0
0
0
0
0
0
0
0
0
0
0
0
0
0
0
0
0
0
0
0
0
0
0
0
0
0
0
0
0
0
0
0
0
0
0
0
0
0
0
0
0
0
0
0
0
0
0
0
0
0
