0
0
0
0
0
0
0
0
0
0
0
0
0
0
0
0
0
0
0
0
0
0
0
0
0
0
0
0
0
0
0
0
0
0
0
0
0
0
0
0
0
0
0
0
0
0
0
0
0
0
0
0
0
0
0
0
0
0
0
0
0
0
0
0
0
0
0
0
0
0
0
0
0
0
0
1
1
1
1
1
1
1
2
2
1
1
1
1
1
1
1
1
1
1
2
2
2
2
2
2
2
2
2
2
3
3
3
3
3
3
3
3
0
0
0
0
0
0
0
0
0
0
0
0
1
1
1
2
2
3
3
4
4
5
6
6
6
6
6
8
7
7
7
7
7
7
7
7
7
7
8
7
7
7
7
7
8
8
8
8
10
10
10
10
10
11
11
11
6
2
1
2
2
2
2
2
2
3
3
3
6
7
7
8
9
10
11
12
12
13
13
14
15
15
17
17
14
13
13
13
13
13
13
14
15
16
16
16
16
16
15
14
13
12
13
13
12
12
12
12
12
13
14
15
10
9
6
7
7
8
8
8
8
10
10
10
12
13
13
13
14
14
16
15
16
17
17
20
21
21
21
21
15
12
13
15
16
16
17
18
18
18
19
19
19
19
20
19
19
19
19
19
19
20
22
22
22
24
26
27
22
17
13
11
12
13
13
14
14
15
15
16
18
21
23
23
26
27
28
28
28
30
33
34
34
36
38
39
33
28
24
21
21
22
23
23
24
26
26
26
29
30
34
34
34
35
36
36
36
37
37
37
39
40
40
43
37
33
29
25
23
21
20
19
19
18
18
18
19
24
24
26
28
33
35
37
38
41
42
44
47
48
50
52
47
42
37
33
32
32
33
33
33
34
34
34
36
37
39
39
41
42
45
46
46
47
47
49
51
52
54
54
49
46
42
39
35
31
28
28
29
28
29
31
32
37
39
43
47
53
57
58
62
65
66
67
69
72
75
75
70
66
62
60
60
58
56
54
54
52
52
52
55
60
61
60
60
62
63
68
70
73
76
79
79
79
81
81
82
76
72
70
69
63
59
55
54
53
52
50
48
54
59
60
63
68
73
78
82
85
89
94
96
101
103
104
100
94
88
87
85
82
79
75
74
75
73
71
70
74
76
76
82
84
90
95
101
103
108
111
115
117
120
125
123
118
115
110
106
103
100
95
93
91
87
86
87
86
91
90
94
95
98
102
106
110
115
120
124
128
131
134
137
135
135
130
125
120
118
114
114
109
105
100
98
101
101
101
105
107
111
112
118
120
125
130
135
141
145
150
146
147
145
140
137
133
129
128
125
122
118
113
112
110
110
111
110
111
114
118
122
127
130
135
140
146
147
154
154
152
151
153
150
147
146
147
142
139
135
131
127
128
125
126
127
125
126
130
131
137
140
145
149
155
160
166
163
164
161
159
158
160
159
158
153
152
146
144
142
139
140
137
135
136
132
136
135
139
143
146
152
156
163
168
170
167
164
165
164
162
160
160
158
154
153
149
144
147
144
140
138
136
134
134
140
143
146
149
155
160
164
171
169
167
166
164
163
164
166
170
170
165
164
159
160
157
153
152
150
149
151
148
149
148
150
153
156
160
167
171
170
171
166
166
168
166
164
164
166
165
163
157
159
159
154
154
155
152
154
156
155
155
158
163
167
172
175
177
176
175
173
171
173
173
170
171
171
168
168
171
172
174
168
168
170
168
165
166
164
164
165
166
169
174
178
182
178
178
177
176
176
172
173
172
172
174
172
170
171
174
175
173
171
171
171
172
170
170
171
172
174
178
183
187
184
183
185
184
181
184
183
186
188
188
186
183
181
182
180
179
182
184
182
180
179
181
180
176
181
182
184
189
183
180
180
178
178
176
175
175
173
171
170
169
174
174
177
178
178
176
181
180
184
186
184
189
187
191
192
198
198
195
194
195
195
196
197
199
198
197
197
196
196
197
194
196
194
194
193
193
193
192
194
191
192
190
194
192
189
185
185
184
182
182
180
179
178
178
177
179
177
183
185
184
187
191
191
192
190
187
186
186
187
193
197
199
199
198
195
194
193
191
192
193
191
191
190
189
192
190
189
190
191
191
191
189
188
187
186
188
187
191
190
189
185
180
180
179
177
176
176
175
174
178
177
174
174
180
181
186
186
188
187
189
186
187
189
191
192
195
196
200
202
197
195
193
192
188
190
189
190
190
187
185
187
187
187
185
185
185
186
187
187
183
183
186
183
184
186
185
186
184
181
179
178
174
174
173
174
177
175
172
169
174
177
182
182
180
179
183
182
182
184
186
190
191
195
200
198
196
193
194
192
190
190
188
191
190
185
186
181
183
181
182
181
182
177
182
177
176
174
178
178
178
173
178
175
174
167
167
164
166
162
164
163
164
161
161
165
167
172
167
174
173
173
177
177
179
179
182
185
188
191
196
194
192
192
189
186
185
183
182
179
180
177
177
174
173
172
170
171
170
169
168
167
170
167
166
164
163
165
167
166
164
163
161
160
159
156
161
160
161
157
156
156
162
159
162
157
164
164
164
168
170
172
176
182
187
192
196
192
191
189
190
187
180
180
178
175
171
168
166
164
161
158
154
153
154
152
150
150
147
146
149
150
151
152
155
153
151
151
145
145
147
147
145
143
142
141
142
139
142
141
142
143
146
149
151
152
159
161
164
168
174
178
182
180
178
175
173
167
166
165
160
157
151
147
142
137
135
135
134
133
134
132
133
130
130
128
129
133
135
140
142
143
139
136
135
135
132
135
134
134
130
129
125
123
128
126
128
126
130
134
140
142
146
151
154
158
161
164
168
165
161
158
155
149
143
141
138
134
129
124
117
115
112
112
109
107
104
105
107
108
110
112
114
119
123
128
132
131
128
125
124
124
123
121
120
118
112
109
104
107
106
106
108
112
116
119
124
126
132
138
141
143
145
147
151
146
141
135
129
123
118
113
110
105
100
94
89
90
87
84
82
82
83
84
87
90
93
95
100
103
108
112
116
112
111
108
107
103
101
97
93
89
86
84
83
82
86
90
92
96
100
106
108
111
113
113
115
118
119
119
120
114
109
104
99
93
89
84
80
76
70
66
62
61
61
59
59
61
63
69
72
76
81
87
91
95
100
103
109
101
97
92
87
81
76
73
70
68
67
67
67
66
72
74
77
80
82
86
87
90
92
92
92
94
95
95
95
89
83
77
71
65
60
55
50
46
42
38
35
34
38
42
47
51
54
58
63
66
69
72
73
77
79
80
80
74
68
62
57
53
50
49
49
48
48
48
48
51
54
57
58
59
61
61
62
62
62
62
62
62
62
62
62
56
50
44
38
32
26
24
20
17
15
14
15
18
20
24
28
30
35
37
39
42
43
45
45
45
45
45
45
39
35
32
31
30
30
30
30
30
30
30
30
30
31
31
32
32
32
32
32
32
32
32
32
32
32
32
32
26
20
14
9
6
5
3
3
3
3
3
3
3
7
9
11
13
14
14
15
15
15
15
15
15
15
15
15
13
12
12
12
12
12
12
12
12
12
12
12
12
12
12
12
12
12
12
12
12
12
12
12
12
12
12
12
7
4
1
0
0
0
0
0
0
0
0
0
1
1
1
1
1
1
1
1
1
1
1
1
1
1
1
1
1
1
1
1
1
1
1
1
1
1
1
1
1
1
1
1
1
1
1
1
1
2
2
2
2
2
2
2
1
1
1
1
1
1
1
1
1
1
1
1
1
1
1
1
1
1
1
1
1
1
1
1
1
1
1
1
0
0
0
0
0
0
0
0
0
0
0
0
0
0
1
1
1
1
1
1
1
1
1
1
1
1
1
1
1
1
1
1
1
1
1
1
1
1
1
1
1
1
1
1
1
1
1
1
1
1
1
1
1
1
1
1
0
0
0
0
0
0
0
0
0
0
0
0
0
0
0
0
0
0
0
0
0
0
0
0
0
0
0
0
0
0
0
0
0
0
0
0
0
0
0
0
0
0
0
0
0
0
0
0
0
0
0
0
0
0
0
0
0
0
0
0
0
0
0
0
0
0
0
0
0
0
0
0
0
0
0
0
0
0
0
0
0
0
0
0
0
0
0
0
0
0
0
0
0
0
0
0
0
0
0
0
0
0
0
0
0
0
0
0
0
0
0
0
0
0
0
0
0
0
0
0
0
0
0
0
0
0
0
0
0
0
0
0
0
0
0
0
0
0
0
0
0
0
0
0
0
0
0
0
0
0
0
0
0
0
0
0
0
0
0
0
0
0
0
0
0
0
0
0
0
0
0
0
0
0
0
0
0
0
0
0
0
0
0
0
0
0
0
0
0
0
0
0
0
0
0
0
0
0
0
0
0
0
0
0
0
0
0
0
0
0
0
0
0
0
0
0
0
0
0
0
0
0
0
0
0
0
0
0
0
0
0
0
0
0
0
0
0
0
0
0
0
0
0
0
0
0
0
0
0
0
0
0
0
0
0
0
0
0
0
0
0
0
0
0
0
0
0
0
0
0
0
0
0
0
0
0
0
0
0
0
0
0
0
0
0
0
0
0
0
0
0
0
