0
0.0
0.0
0.0
0.0
0.0
-11.0
-9.0
-36.0
54.0
-62.0
-86.0
-104.0
209.0
-173.0
-116.0
-58.0
214.0
-239.0
-47.0
-122.0
224.0
-388.0
58.0
-348.0
305.0
-467.0
118.0
-548.0
444.0
-848.0
-141.0
-869.0
355.0
-1099.0
-94.0
-1222.0
151.0
-1454.0
-164.0
-1602.0
84.0
-1683.0
-158.0
-1870.0
127.0
-1834.0
49.0
-1970.0
317.0
-1923.0
378.0
-2200.0
581.0
-2246.0
610.0
-2401.0
829.0
-2539.0
976.0
-2514.0
924.0
-2674.0
1198.0
-2561.0
1269.0
-2622.0
1532.0
-2653.0
1458.0
-2494.0
1692.0
-2593.0
1822.0
-2469.0
2094.0
-2513.0
2142.0
-2326.0
2501.0
-2404.0
2446.0
-2035.0
2759.0
-2210.0
2923.0
-1808.0
3076.0
-2028.0
3497.0
-1552.0
3177.0
-1772.0
3913.0
-1298.0
3388.0
-1511.0
4362.0
-1096.0
3243.0
-1192.0
4676.0
-879.0
2608.0
-854.0
4989.0
-548.0
1222.0
-447.0
4691.0
-196.0
153.0
-168.0
2523.0
-14.0
-14.0
-21.0
215.0
-14.0
35.0
-14.0
-14.0
-14.0
42.0
0
0
0
0
0
0
0
0
0
0
0
0
0
0
0
0
0
0
0
