0
0
0
0.0
0.0
0.0
-21.0
-24.0
-30.0
45.0
-24.0
54.0
-10.0
-24.0
-44.0
19.0
-48.0
107.0
-26.0
26.0
0.0
0.0
0.0
0.0
-1.0
-24.0
-19.0
13.0
-33.0
6.0
-41.0
-79.0
78.0
52.0
-24.0
44.0
-99.0
46.0
-82.0
104.0
-15.0
-41.0
42.0
-2.0
-159.0
79.0
-151.0
257.0
-49.0
40.0
-42.0
37.0
-94.0
110.0
-46.0
85.0
-59.0
19.0
-72.0
41.0
13.0
-104.0
-33.0
31.0
49.0
69.0
-97.0
99.0
-89.0
38.0
-107.0
147.0
49.0
-36.0
-49.0
1.0
-115.0
170.0
-96.0
42.0
-81.0
148.0
-33.0
20.0
-24.0
37.0
-53.0
25.0
-96.0
72.0
7.0
42.0
-36.0
33.0
-67.0
27.0
-72.0
90.0
37.0
-30.0
-68.0
75.0
-36.0
44.0
-30.0
62.0
4.0
-21.0
-56.0
-3.0
-48.0
128.0
0.0
-2.0
-31.0
-17.0
7.0
43.0
0
0
0
0.0
0.0
0.0
0.0
0.0
-4.0
4.0
0.0
-22.0
-57.0
34.0
-48.0
93.0
-7.0
-46.0
-57.0
110.0
-10.0
-24.0
-24.0
58.0
0
0
0
0.0
0.0
-11.0
-27.0
11.0
-37.0
3.0
-60.0
121.0
-19.0
-24.0
-24.0
67.0
0
0
0
0
0
0.0
0.0
0.0
-14.0
-24.0
-36.0
72.0
-33.0
-48.0
26.0
57.0
0
0
0
0
0
0
0
0
0
0
0
0
0
0
0
0
0
0
0
0
0
0
0
0.0
0.0
0.0
-24.0
24.0
0
0
0
0
0
0
0
0
0
0
0
0
0
0
0
0
0
0
0
0
0
0
0
